Date Time Diftime[microsec] /quatW quatX quatY quatZ /accelX accelY accelZ /gyroX gyroY gyroZ /eulerX eulerY eulerZ /heading
 11.1002 10.9266 128.662 231.338
2018-Nov-26 11:29:15.596347 2838 0.424186 -0.0394968 0.124845 0.896058 231.987
2018-Nov-26 11:29:15.597374 1027 0.430716 -0.0312055 0.118299 0.894156 -0.260559 0.172791 1.00592 -22.3999 -135.071 -64.5752 10.6422 9.2343 127.698 232.302
2018-Nov-26 11:29:15.597498 124 0.433724 -0.0274545 0.114985 0.893257 -0.274048 0.15686 1.01746 -24.1089 -130.432 -59.9976 10.4634 8.70268 127.404 232.596
2018-Nov-26 11:29:15.597576 78 0.436431 -0.0240699 0.111785 0.892442 -0.286072 0.15332 1.02594 -25.0854 -123.352 -53.4668 10.2832 8.21158 127.14 232.86
2018-Nov-26 11:29:15.598837 1261 0.438756 -0.021092 0.108726 0.891755 -0.291504 0.138367 1.03693 -25.8179 -114.441 -44.9829 10.1023 7.76562 126.917 233.083
2018-Nov-26 11:29:15.600782 1945 0.440656 -0.0185416 0.105837 0.891222 -0.287476 0.131104 1.04529 -26.3062 -103.76 -35.5835 9.92197 7.36804 126.74 233.26
2018-Nov-26 11:29:15.602929 2147 0.442149 -0.016319 0.10322 0.890833 -0.279541 0.148865 1.05304 -25.6348 -93.3838 -26.7334 9.7572 7.01442 126.607 233.393
2018-Nov-26 11:29:15.603638 709 0.443248 -0.0142955 0.100912 0.890586 -0.260437 0.165649 1.06012 -23.9258 -84.3506 -18.0664 9.61739 6.69353 126.517 233.483
2018-Nov-26 11:29:15.604983 1345 0.444005 -0.0124917 0.098838 0.890469 -0.242798 0.164001 1.06677 -22.522 -75.3174 -10.5591 9.49324 6.4043 126.464 233.536
2018-Nov-26 11:29:15.605674 691 0.444479 -0.0108632 0.0969136 0.890465 -0.219849 0.153503 1.06927 -20.9961 -67.8711 -4.21143 9.37755 6.13823 126.444 233.556
2018-Nov-26 11:29:15.606949 1275 0.44477 -0.00927208 0.0950641 0.890537 -0.197937 0.16272 1.07556 -20.3857 -64.0259 -0.183105 9.26891 5.87823 126.444 233.556
2018-Nov-26 11:29:15.608469 1520 0.445006 -0.00767071 0.0932098 0.890631 -0.173218 0.151184 1.09021 -20.0806 -62.0117 0.854492 9.16069 5.6165 126.451 233.549
2018-Nov-26 11:29:15.609768 1299 0.44535 -0.00605368 0.0913915 0.89066 -0.128784 0.15686 1.09698 -18.9819 -58.5938 -2.56348 9.05632 5.35634 126.443 233.557
2018-Nov-26 11:29:15.610421 653 0.445902 -0.00456711 0.0898021 0.890554 -0.141052 0.188477 1.11469 -17.7002 -53.3447 -8.72803 8.9675 5.12402 126.404 233.596
2018-Nov-26 11:29:15.611841 1420 0.446605 -0.00288293 0.0882752 0.890361 -0.145935 0.171631 1.12286 -14.4043 -58.3496 -12.085 8.89467 4.87627 126.344 233.656
2018-Nov-26 11:29:15.612670 829 0.447353 -0.000911519 0.0867249 0.890142 -0.141296 0.158081 1.12488 -10.3149 -65.0024 -12.5122 8.83441 4.59816 126.28 233.72
2018-Nov-26 11:29:15.613446 776 0.448079 0.00119345 0.0852868 0.889916 -0.138428 0.160095 1.13715 -6.16455 -66.7114 -11.8408 8.79303 4.31213 126.217 233.783
2018-Nov-26 11:29:15.617442 3996 0.448763 0.00340823 0.0840658 0.889681 -0.131226 0.156921 1.13843 -0.427246 -66.6504 -10.8643 8.78009 4.02602 126.157 233.843
2018-Nov-26 11:29:15.617893 451 0.449489 0.00564522 0.0831125 0.889393 -0.136658 0.160034 1.13879 5.31006 -65.0635 -12.146 8.79585 3.75237 126.088 233.912
2018-Nov-26 11:29:15.618985 1092 0.450289 0.00803279 0.08237 0.889039 -0.148071 0.166748 1.12561 10.5591 -67.8101 -13.855 8.84108 3.47528 126.008 233.992
2018-Nov-26 11:29:15.619637 652 0.451158 0.0107966 0.0816859 0.888632 -0.156616 0.161255 1.10931 15.686 -76.8433 -14.8315 8.91211 3.16344 125.92 234.08
2018-Nov-26 11:29:15.620351 714 0.452051 0.0140628 0.0809849 0.888197 -0.152039 0.169128 1.09351 20.2637 -88.1958 -14.5264 9.00816 2.79942 125.831 234.169
2018-Nov-26 11:29:15.620939 588 0.452908 0.0176995 0.0803464 0.887753 -0.140503 0.175171 1.06982 24.5361 -94.9707 -13.2446 9.13074 2.40048 125.749 234.251
2018-Nov-26 11:29:15.622901 1962 0.453646 0.0213186 0.0799483 0.887333 -0.128479 0.176758 1.03918 28.6865 -91.4917 -10.7422 9.27792 2.01509 125.68 234.32
2018-Nov-26 11:29:15.623322 421 0.454171 0.0245308 0.0799419 0.886982 -0.119507 0.177185 1.01544 32.1655 -78.3691 -6.65283 9.44473 1.69032 125.632 234.368
2018-Nov-26 11:29:15.624271 949 0.45441 0.0271313 0.0803764 0.886744 -0.111572 0.18103 0.991882 34.3628 -60.4248 -1.0376 9.62529 1.44896 125.613 234.387
2018-Nov-26 11:29:15.624770 499 0.454339 0.0291464 0.0811512 0.886646 -0.108276 0.179016 0.964294 34.9731 -44.1895 5.43213 9.81046 1.28252 125.626 234.374
2018-Nov-26 11:29:15.625411 641 0.45399 0.0308683 0.082095 0.88668 -0.0911255 0.192017 0.944214 34.4238 -34.8511 11.7188 9.99786 1.15202 125.673 234.327
2018-Nov-26 11:29:15.625920 509 0.45337 0.0325737 0.082998 0.886852 -0.0643921 0.195496 0.924927 32.5317 -32.0435 18.3105 10.1805 1.01768 125.756 234.244
2018-Nov-26 11:29:15.628650 2730 0.452528 0.0342813 0.0837383 0.887148 -0.0325317 0.191345 0.909668 29.2969 -30.2124 23.7427 10.3466 0.87149 125.869 234.131
2018-Nov-26 11:29:15.629013 363 0.451495 0.0359543 0.0843513 0.88755 0.00213623 0.204407 0.900391 25.6348 -26.9165 28.1372 10.4978 0.719421 126.009 233.991
2018-Nov-26 11:29:15.629793 780 0.450296 0.0375318 0.08486 0.888045 0.0301514 0.206665 0.897766 21.9116 -22.522 31.8604 10.6331 0.569244 126.171 233.829
2018-Nov-26 11:29:15.630193 400 0.448954 0.0389215 0.0852332 0.888629 0.0551147 0.197815 0.890808 17.7002 -17.0898 34.9731 10.7445 0.429108 126.352 233.648
2018-Nov-26 11:29:15.630712 519 0.447527 0.040143 0.0854274 0.889275 0.0806274 0.202637 0.901611 12.5732 -12.6953 36.6821 10.8283 0.295502 126.544 233.456
2018-Nov-26 11:29:15.631173 461 0.446075 0.0412609 0.0854054 0.889956 0.101501 0.207092 0.923035 7.08008 -10.437 37.1094 10.8842 0.16066 126.742 233.258
2018-Nov-26 11:29:15.632824 1651 0.444666 0.0423121 0.0851549 0.890635 0.119385 0.20459 0.950562 2.19727 -9.64355 35.9497 10.9127 0.0211029 126.935 233.065
2018-Nov-26 11:29:15.633252 428 0.443363 0.0432918 0.084706 0.89128 0.127502 0.191467 0.973206 -1.0376 -9.46045 33.3252 10.9167 -0.120163 127.116 232.884
2018-Nov-26 11:29:15.633760 508 0.442226 0.044279 0.0841146 0.891852 0.135315 0.182617 1.00208 -2.19727 -10.8643 29.1748 10.906 -0.267548 127.276 232.724
2018-Nov-26 11:29:15.634136 376 0.441339 0.0454657 0.0834223 0.892297 0.14032 0.18512 1.02136 -1.58691 -16.2354 23.1934 10.8948 -0.437775 127.407 232.593
2018-Nov-26 11:29:15.634432 296 0.44074 0.047058 0.082665 0.892581 0.137085 0.187744 1.03888 1.28174 -26.2451 16.5405 10.8974 -0.649933 127.503 232.497
2018-Nov-26 11:29:15.635891 1459 0.440397 0.049046 0.0819024 0.892713 0.137207 0.189087 1.03741 5.06592 -35.6445 10.6201 10.9195 -0.900345 127.57 232.43
2018-Nov-26 11:29:15.636308 417 0.440241 0.0511443 0.081295 0.892728 0.123535 0.189392 1.03595 9.33838 -38.208 5.92041 10.9633 -1.15196 127.611 232.389
2018-Nov-26 11:29:15.636542 234 0.440161 0.0531171 0.0809912 0.89268 0.0991211 0.192322 1.02722 14.1602 -35.4614 3.60107 11.0321 -1.37396 127.639 232.361
2018-Nov-26 11:29:15.636967 425 0.440053 0.054908 0.0810354 0.892621 0.0830078 0.192627 1.0047 19.165 -30.6396 3.78418 11.1275 -1.55954 127.666 232.334
2018-Nov-26 11:29:15.637216 249 0.439864 0.0563847 0.0814031 0.892588 0.0688477 0.18866 0.971802 22.522 -22.583 5.06592 11.2402 -1.69688 127.699 232.301
2018-Nov-26 11:29:15.637414 198 0.439588 0.0575067 0.0820672 0.892592 0.0529175 0.197998 0.942078 24.1699 -13.855 6.5918 11.3653 -1.78326 127.738 232.262
2018-Nov-26 11:29:15.639027 1613 0.439173 0.0583768 0.0829422 0.892659 0.0455933 0.205017 0.915588 24.7803 -7.38525 9.52148 11.4991 -1.83444 127.792 232.208
2018-Nov-26 11:29:15.640972 1945 0.438593 0.0590218 0.0839159 0.89281 0.0411987 0.197754 0.886658 24.4141 -1.89209 13.3057 11.6314 -1.85939 127.864 232.136
2018-Nov-26 11:29:15.641143 171 0.43787 0.0594193 0.0849162 0.893045 0.0414429 0.182434 0.857849 23.4985 3.78418 16.5405 11.7536 -1.85924 127.953 232.047
2018-Nov-26 11:29:15.641520 377 0.437035 0.0596644 0.0858622 0.893347 0.0513306 0.187378 0.829529 20.752 7.50732 19.165 11.8623 -1.8476 128.055 231.945
2018-Nov-26 11:29:15.641797 277 0.436128 0.0599316 0.0866625 0.893695 0.0593872 0.211182 0.808899 15.7471 6.89697 21.1792 11.9569 -1.84686 128.168 231.832
2018-Nov-26 11:29:15.642865 1068 0.435173 0.0602905 0.0871788 0.894086 0.0765991 0.220276 0.796265 9.0332 3.90625 22.9492 12.0265 -1.87109 128.291 231.709
2018-Nov-26 11:29:15.644684 1819 0.434204 0.060595 0.087352 0.894519 0.083252 0.223267 0.794312 0.671387 2.86865 23.8037 12.0577 -1.90738 128.417 231.583
2018-Nov-26 11:29:15.646364 1680 0.433263 0.0606454 0.0872076 0.894986 0.0861206 0.224487 0.814148 -8.36182 5.31006 23.4375 12.0432 -1.93286 128.541 231.459
2018-Nov-26 11:29:15.651754 5390 0.432394 0.0604047 0.0867171 0.89547 0.074707 0.214844 0.838745 -17.4561 6.89697 22.1558 11.9784 -1.94431 128.655 231.345
2018-Nov-26 11:29:15.656804 5050 0.431617 0.0600293 0.0858588 0.895953 0.0615234 0.211731 0.884949 -25.1465 4.27246 20.752 11.8687 -1.95882 128.76 231.24
2018-Nov-26 11:29:15.663239 6435 0.430932 0.0596246 0.0846638 0.896423 0.0456543 0.205383 0.929321 -31.189 -0.549316 19.4702 11.7228 -1.98581 128.854 231.146
2018-Nov-26 11:29:15.666517 3278 0.430297 0.0591989 0.0832371 0.89689 0.0320435 0.211975 0.979065 -35.6445 -4.39453 19.043 11.5519 -2.0213 128.944 231.056
2018-Nov-26 11:29:15.671141 4624 0.429683 0.0586999 0.0817097 0.897357 0.0154419 0.206421 1.01923 -37.7808 -5.92041 18.9819 11.3669 -2.05356 129.031 230.969
2018-Nov-26 11:29:15.676921 5780 0.429048 0.0580364 0.0802313 0.897838 0.00140381 0.195923 1.05774 -36.9873 -3.90625 19.4702 11.1787 -2.0661 129.119 230.881
2018-Nov-26 11:29:15.681131 4210 0.428399 0.0571368 0.0788697 0.898326 -0.0122681 0.162537 1.08875 -33.8135 0.427246 19.4092 10.9911 -2.0479 129.205 230.795
2018-Nov-26 11:29:15.688193 7062 0.427776 0.0562426 0.0776951 0.898781 -0.0290527 0.166443 1.10657 -28.6255 0.244141 18.5547 10.8233 -2.02036 129.287 230.713
2018-Nov-26 11:29:15.691044 2851 0.427165 0.0556926 0.0767141 0.899191 -0.0333862 0.174194 1.11371 -22.0337 -6.10352 18.4326 10.6927 -2.01889 129.368 230.632
2018-Nov-26 11:29:15.696404 5360 0.426514 0.0555249 0.0759299 0.899576 -0.0350952 0.183411 1.10986 -15.3198 -12.3901 19.5312 10.6013 -2.04803 129.456 230.544
2018-Nov-26 11:29:15.701634 5230 0.425802 0.0554951 0.0754034 0.89996 -0.0354614 0.188599 1.09894 -9.64355 -12.7563 20.752 10.5434 -2.07947 129.551 230.449
2018-Nov-26 11:29:15.706499 4865 0.425037 0.0554279 0.0751838 0.900344 -0.0432739 0.20282 1.0907 -5.06592 -9.46045 21.5454 10.5154 -2.09232 129.65 230.35
2018-Nov-26 11:29:15.713147 6648 0.42424 0.0553627 0.0751763 0.900724 -0.0501709 0.204407 1.08331 -1.52588 -8.17871 22.0947 10.5096 -2.09525 129.752 230.248
2018-Nov-26 11:29:15.716446 3299 0.42338 0.0554124 0.0752591 0.901119 -0.053772 0.201965 1.07074 1.34277 -10.0098 23.7427 10.5187 -2.10652 129.862 230.138
2018-Nov-26 11:29:15.720993 4547 0.42242 0.0555377 0.0754457 0.901546 -0.0482788 0.205994 1.06317 3.96729 -10.1318 26.062 10.542 -2.12186 129.985 230.015
2018-Nov-26 11:29:15.726965 5972 0.42131 0.0555707 0.0758155 0.902032 -0.0402832 0.205444 1.04974 6.65283 -5.31006 29.2358 10.5796 -2.12033 130.125 229.875
2018-Nov-26 11:29:15.731002 4037 0.419994 0.0553654 0.076437 0.902606 -0.0334473 0.20282 1.03754 9.82666 3.41797 33.4473 10.6315 -2.08398 130.288 229.712
2018-Nov-26 11:29:15.738427 7425 0.418461 0.0548151 0.07731 0.903277 -0.020813 0.185486 1.01807 12.8784 14.8926 37.6587 10.6926 -2.00177 130.474 229.526
2018-Nov-26 11:29:15.740983 2556 0.416731 0.0539964 0.0783734 0.904034 -0.0078125 0.175232 0.988647 15.3198 24.4751 41.5039 10.7607 -1.88458 130.681 229.319
2018-Nov-26 11:29:15.746745 5762 0.414848 0.0532193 0.0795297 0.904845 0.0146484 0.180786 0.958862 17.395 27.2827 44.6777 10.8407 -1.76935 130.907 229.093
2018-Nov-26 11:29:15.751671 4926 0.412916 0.0526459 0.0806369 0.905663 0.0348511 0.190308 0.939331 17.0898 25.3296 45.7764 10.9257 -1.67885 131.142 228.858
2018-Nov-26 11:29:15.756436 4765 0.411038 0.0523277 0.0815859 0.906451 0.0427246 0.198792 0.918091 15.0146 20.0195 44.7998 11.0067 -1.6226 131.372 228.628
2018-Nov-26 11:29:15.763180 6744 0.409287 0.0523578 0.0822364 0.907183 0.0456543 0.199951 0.915588 11.5356 10.2539 42.5415 11.0733 -1.61623 131.59 228.41
2018-Nov-26 11:29:15.766350 3170 0.407658 0.0527877 0.0824981 0.907867 0.0500488 0.198486 0.906311 7.08008 -1.58691 40.7104 11.1182 -1.66945 131.8 228.2
2018-Nov-26 11:29:15.770911 4561 0.406111 0.0535324 0.0823703 0.908528 0.0606689 0.191589 0.907715 2.31934 -11.1694 39.6729 11.1368 -1.77365 132.004 227.996
2018-Nov-26 11:29:15.776892 5981 0.404597 0.0544011 0.0819735 0.909188 0.0700684 0.186646 0.912109 -1.40381 -15.5029 39.3677 11.1326 -1.90338 132.207 227.793
2018-Nov-26 11:29:15.780945 4053 0.403081 0.0552115 0.0814359 0.90986 0.0775757 0.178955 0.913269 -4.15039 -14.8926 39.4287 11.1104 -2.03351 132.41 227.59
2018-Nov-26 11:29:15.788509 7564 0.401538 0.0558927 0.0808256 0.910555 0.0874023 0.176697 0.915405 -6.40869 -12.0239 39.856 11.0741 -2.15353 132.616 227.384
2018-Nov-26 11:29:15.791077 2568 0.399949 0.0564361 0.0801728 0.911278 0.0949707 0.176514 0.913391 -8.54492 -8.66699 40.7715 11.0265 -2.26128 132.826 227.174
2018-Nov-26 11:29:15.796532 5455 0.398319 0.0567585 0.0795093 0.91203 0.106201 0.180725 0.919556 -11.1084 -3.11279 41.3208 10.9671 -2.34625 133.04 226.96
2018-Nov-26 11:29:15.801577 5045 0.396639 0.0568477 0.0788608 0.912813 0.111633 0.183228 0.922424 -13.2446 2.74658 42.1143 10.8983 -2.40605 133.257 226.743
2018-Nov-26 11:29:15.806201 4624 0.394945 0.056709 0.0782376 0.913609 0.123352 0.187866 0.928589 -15.2588 8.78906 41.9312 10.8215 -2.44026 133.474 226.526
2018-Nov-26 11:29:15.812819 6618 0.393369 0.0561504 0.0776313 0.914375 0.143372 0.183472 0.925964 -18.8599 19.3481 38.0859 10.7278 -2.42717 133.673 226.327
2018-Nov-26 11:29:15.816297 3478 0.39194 0.0550176 0.0770401 0.915107 0.119324 0.163208 0.944458 -22.2778 30.5176 33.7524 10.6102 -2.35005 133.847 226.153
2018-Nov-26 11:29:15.820846 4549 0.390562 0.0540271 0.0762381 0.915822 0.115173 0.132141 0.949341 -22.522 24.292 33.1421 10.4771 -2.29675 134.018 225.982
2018-Nov-26 11:29:15.826735 5889 0.389176 0.0534985 0.0751866 0.91653 0.130554 0.126038 0.962708 -21.9116 13.2446 34.1187 10.3384 -2.30374 134.194 225.806
2018-Nov-26 11:29:15.830903 4168 0.387721 0.0533969 0.074128 0.917238 0.158447 0.159546 0.973145 -20.2026 6.7749 35.9497 10.2179 -2.35698 134.383 225.617
2018-Nov-26 11:29:15.838277 7374 0.386291 0.0534076 0.0732516 0.917911 0.182739 0.174622 0.982056 -17.8223 8.66699 34.79 10.1216 -2.41339 134.567 225.433
2018-Nov-26 11:29:15.840921 2644 0.384978 0.0531674 0.0725935 0.918529 0.182861 0.170593 0.987122 -15.9302 16.6016 31.0669 10.0376 -2.43163 134.734 225.266
2018-Nov-26 11:29:15.846612 5691 0.383805 0.0527362 0.0720776 0.919085 0.169739 0.16095 0.992615 -13.916 20.6909 27.2217 9.96063 -2.42133 134.881 225.119
2018-Nov-26 11:29:15.851650 5038 0.382783 0.0523986 0.0715588 0.919571 0.162537 0.148254 0.995056 -12.0239 17.334 23.6816 9.88791 -2.41931 135.009 224.991
2018-Nov-26 11:29:15.856555 4905 0.381884 0.0522893 0.0710061 0.919994 0.163513 0.150818 0.992126 -10.5591 11.6577 20.9961 9.82195 -2.44176 135.124 224.876
2018-Nov-26 11:29:15.862791 6236 0.381085 0.0522717 0.0704956 0.920365 0.170349 0.149719 0.990112 -9.09424 10.437 18.4326 9.76476 -2.47098 135.226 224.774
2018-Nov-26 11:29:15.866140 3349 0.38035 0.0521032 0.0701216 0.920708 0.171448 0.148438 0.982483 -7.62939 15.0146 16.4185 9.71561 -2.47722 135.319 224.681
2018-Nov-26 11:29:15.870709 4569 0.379675 0.0516351 0.0699378 0.921026 0.167542 0.156982 0.974365 -7.01904 22.8271 14.2822 9.67377 -2.44231 135.401 224.599
2018-Nov-26 11:29:15.876692 5983 0.379072 0.0508331 0.0699357 0.921319 0.158447 0.158569 0.97583 -6.71387 30.7007 11.9629 9.63698 -2.36282 135.47 224.53
2018-Nov-26 11:29:15.880917 4225 0.378551 0.0497812 0.0700389 0.921583 0.144836 0.155457 0.96814 -6.71387 35.6445 9.58252 9.60081 -2.25108 135.527 224.473
2018-Nov-26 11:29:15.888286 7369 0.378138 0.0486748 0.070151 0.921803 0.135498 0.153137 0.96698 -6.89697 35.7056 6.95801 9.5636 -2.13193 135.57 224.43
2018-Nov-26 11:29:15.890788 2502 0.377873 0.0477258 0.0701655 0.92196 0.130981 0.150269 0.961548 -7.50732 30.7617 3.72314 9.52325 -2.03236 135.596 224.404
2018-Nov-26 11:29:15.896497 5709 0.377779 0.0470701 0.0700618 0.92204 0.132141 0.160706 0.960327 -8.23975 23.2544 0.0610352 9.48351 -1.96761 135.603 224.397
2018-Nov-26 11:29:15.901160 4663 0.377886 0.0467257 0.0698359 0.922032 0.130493 0.166992 0.955078 -9.21631 15.2588 -4.27246 9.4447 -1.93947 135.589 224.411
2018-Nov-26 11:29:15.906529 5369 0.378189 0.0465516 0.0694989 0.921941 0.126526 0.168701 0.959351 -10.6201 10.0098 -8.66699 9.40187 -1.93243 135.551 224.449
2018-Nov-26 11:29:15.912365 5836 0.378652 0.0463228 0.069093 0.921793 0.113464 0.162109 0.963867 -12.2681 9.21631 -12.3901 9.34967 -1.92097 135.494 224.506
2018-Nov-26 11:29:15.916115 3750 0.379268 0.0459134 0.068624 0.921596 0.0936279 0.148254 0.97052 -14.0381 10.3149 -15.9912 9.28317 -1.89143 135.416 224.584
2018-Nov-26 11:29:15.921664 5549 0.380022 0.0454046 0.0681151 0.921348 0.0702515 0.157898 0.979431 -15.8691 9.33838 -19.104 9.20833 -1.85172 135.32 224.68
2018-Nov-26 11:29:15.926062 4398 0.380895 0.0448852 0.0675694 0.921053 0.0446777 0.162476 0.999146 -17.395 6.28662 -21.5454 9.1293 -1.81142 135.21 224.79
2018-Nov-26 11:29:15.930792 4730 0.381842 0.0443069 0.066975 0.920732 0.019165 0.157776 1.00818 -18.7988 4.15039 -22.9492 9.04259 -1.76642 135.091 224.909
2018-Nov-26 11:29:15.937803 7011 0.382826 0.0436257 0.0663818 0.920399 -0.003479 0.158325 1.02527 -19.4702 3.66211 -23.6206 8.95145 -1.71021 134.966 225.034
2018-Nov-26 11:29:15.940703 2900 0.38381 0.0428878 0.0658461 0.920063 -0.0184937 0.162903 1.0365 -19.043 3.41797 -23.4985 8.86382 -1.6456 134.84 225.16
2018-Nov-26 11:29:15.947054 6351 0.384764 0.0420804 0.0653901 0.919734 -0.0344238 0.156067 1.05682 -17.5781 3.96729 -22.7661 8.78139 -1.57051 134.717 225.283
2018-Nov-26 11:29:15.950640 3586 0.385639 0.0411645 0.0650753 0.919431 -0.0495605 0.158569 1.05634 -15.4419 6.04248 -20.9351 8.70886 -1.47852 134.603 225.397
2018-Nov-26 11:29:15.956199 5559 0.386394 0.0401115 0.0649339 0.919171 -0.0632324 0.161133 1.06256 -13.3057 9.33838 -18.1885 8.64827 -1.36546 134.502 225.498
2018-Nov-26 11:29:15.962358 6159 0.387014 0.038934 0.0649278 0.918961 -0.0700684 0.152039 1.05969 -11.1084 12.5732 -15.1367 8.5961 -1.23445 134.417 225.583
2018-Nov-26 11:29:15.965965 3607 0.387513 0.0377051 0.0650179 0.918795 -0.0797729 0.150024 1.05249 -9.15527 14.0381 -12.2681 8.55151 -1.09488 134.345 225.655
2018-Nov-26 11:29:15.971505 5540 0.387907 0.0365235 0.0651744 0.918666 -0.0796509 0.152893 1.0545 -7.50732 13.6719 -9.70459 8.51581 -0.958435 134.287 225.713
2018-Nov-26 11:29:15.976060 4555 0.388206 0.0354478 0.0653695 0.918567 -0.0769043 0.14679 1.04712 -5.5542 12.3291 -7.38525 8.48871 -0.832413 134.242 225.758
2018-Nov-26 11:29:15.980566 4506 0.388428 0.034483 0.0655869 0.918495 -0.0715332 0.141418 1.03979 -3.60107 11.1084 -5.49316 8.4688 -0.717926 134.206 225.794
2018-Nov-26 11:29:15.985950 5384 0.388604 0.0336607 0.0658362 0.918433 -0.0669556 0.14679 1.04108 -1.83105 9.21631 -4.3335 8.45853 -0.617599 134.178 225.822
2018-Nov-26 11:29:15.990700 4750 0.38874 0.0330274 0.0661165 0.918378 -0.0609741 0.154114 1.03101 -0.305176 6.28662 -3.2959 8.45995 -0.536331 134.155 225.845
2018-Nov-26 11:29:15.996658 5958 0.388818 0.0325235 0.0664067 0.918342 -0.053833 0.151123 1.02496 0.793457 4.69971 -1.83105 8.46815 -0.468933 134.14 225.86
2018-Nov-26 11:29:16.000717 4059 0.388817 0.0319911 0.0667479 0.918337 -0.0511475 0.152466 1.00684 1.46484 6.5918 0 8.48041 -0.396927 134.134 225.866
2018-Nov-26 11:29:16.007992 7275 0.388718 0.0312782 0.0671678 0.918373 -0.0498657 0.152954 1 1.34277 11.5967 2.01416 8.4929 -0.30307 134.14 225.86
2018-Nov-26 11:29:16.010596 2604 0.388514 0.0303357 0.0676547 0.918455 -0.053833 0.151611 0.990723 0.671387 17.2119 4.21143 8.50218 -0.182739 134.156 225.844
2018-Nov-26 11:29:16.015991 5395 0.388235 0.0292277 0.0681625 0.918571 -0.0580444 0.151489 0.987854 -0.366211 20.813 5.92041 8.50633 -0.0445709 134.181 225.819
2018-Nov-26 11:29:16.021065 5074 0.387909 0.0281098 0.0686479 0.918708 -0.0649414 0.164246 0.985901 -1.83105 20.5078 7.14111 8.50772 0.0931854 134.211 225.789
2018-Nov-26 11:29:16.025918 4853 0.387528 0.0270598 0.06906 0.918869 -0.0628662 0.162048 0.987366 -3.17383 18.6157 8.60596 8.50449 0.219925 134.249 225.751
2018-Nov-26 11:29:16.030577 4659 0.387088 0.0260317 0.0693778 0.91906 -0.0668945 0.157959 0.984802 -4.63867 17.4561 10.1929 8.49237 0.339539 134.295 225.705
2018-Nov-26 11:29:16.037550 6973 0.386601 0.0249942 0.0696303 0.919275 -0.0632935 0.160034 0.992859 -6.04248 17.4561 11.4136 8.47305 0.456787 134.348 225.652
2018-Nov-26 11:29:16.040587 3037 0.386065 0.0239745 0.0698319 0.919512 -0.0667114 0.163879 0.998535 -7.26318 16.8457 12.6343 8.44928 0.569382 134.407 225.593
2018-Nov-26 11:29:16.047152 6565 0.385474 0.0229827 0.0699789 0.919774 -0.0675049 0.162415 0.995239 -8.30078 15.8081 14.1602 8.42113 0.676071 134.474 225.526
2018-Nov-26 11:29:16.050708 3556 0.384827 0.0220301 0.070048 0.920063 -0.0668335 0.155212 0.993896 -9.15527 14.5874 15.625 8.38666 0.774597 134.548 225.452
2018-Nov-26 11:29:16.056187 5479 0.384128 0.0211552 0.0700253 0.920377 -0.0612183 0.151306 0.998108 -9.8877 12.8784 17.0288 8.34607 0.860306 134.63 225.37
2018-Nov-26 11:29:16.062085 5898 0.383386 0.0203817 0.0699055 0.920713 -0.0581055 0.148743 1.00183 -10.7422 10.5591 18.2495 8.29987 0.930527 134.719 225.281
2018-Nov-26 11:29:16.065824 3739 0.38261 0.0197327 0.0696863 0.921067 -0.0533447 0.148621 1.00812 -11.6577 7.62939 19.2261 8.24876 0.982788 134.813 225.187
2018-Nov-26 11:29:16.071388 5564 0.381826 0.0192392 0.0693741 0.921426 -0.0431519 0.145691 1.00677 -12.146 4.5166 19.6533 8.19475 1.01439 134.91 225.09
2018-Nov-26 11:29:16.075783 4395 0.381069 0.0189598 0.0689782 0.921775 -0.0306396 0.152405 1.02301 -12.3291 0.610352 19.165 8.14128 1.01973 135.006 224.994
2018-Nov-26 11:29:16.080817 5034 0.380372 0.0189575 0.0684934 0.922099 -0.0200195 0.153503 1.03058 -12.146 -4.94385 18.0054 8.0905 0.992233 135.097 224.903
2018-Nov-26 11:29:16.087854 7037 0.379768 0.0193406 0.0682039 0.922361 0.0340576 0.269165 1.02667 -12.6343 -7.50732 15.3198 8.07719 0.933197 135.177 224.823
2018-Nov-26 11:29:16.090807 2953 0.379475 0.0190998 0.0679748 0.922504 0.0153198 0.159363 1.03516 -14.1602 6.7749 6.71387 8.04263 0.946136 135.214 224.786
2018-Nov-26 11:29:16.097196 6389 0.379263 0.0183228 0.0675995 0.922634 -0.00964355 0.102905 1.02765 -13.4888 14.2822 4.45557 7.96901 1.01051 135.238 224.762
2018-Nov-26 11:29:16.100586 3390 0.379031 0.0175892 0.0671277 0.922779 -0.0132446 0.0563354 1.01752 -9.82666 11.3525 5.37109 7.8871 1.06581 135.266 224.734
2018-Nov-26 11:29:16.106350 5764 0.378722 0.0171305 0.0666642 0.922948 0.00213623 0.074707 1.01648 -6.71387 6.65283 7.38525 7.81821 1.09155 135.305 224.695
2018-Nov-26 11:29:16.112029 5679 0.37832 0.0170098 0.0664658 0.923129 0.0189819 0.129456 1.00604 -2.86865 3.84521 9.58252 7.79234 1.09224 135.356 224.644
2018-Nov-26 11:29:16.115771 3742 0.377912 0.0171303 0.066565 0.923286 0.0302734 0.157349 0.997925 1.09863 2.80762 9.52148 7.80861 1.08031 135.407 224.593
2018-Nov-26 11:29:16.121326 5555 0.377605 0.0173419 0.0667815 0.923393 0.0350952 0.156128 0.978638 3.11279 2.50244 6.95801 7.84119 1.06468 135.445 224.555
2018-Nov-26 11:29:16.125736 4410 0.377459 0.0176505 0.066902 0.923438 0.020874 0.138733 0.962097 2.92969 -1.46484 3.35693 7.86758 1.03581 135.464 224.536
2018-Nov-26 11:29:16.130469 4733 0.377488 0.0182324 0.0667835 0.923423 0.00311279 0.137634 0.950012 0.915527 -11.5356 -0.12207 7.88028 0.968735 135.465 224.535
2018-Nov-26 11:29:16.137582 7113 0.377665 0.0192004 0.0663806 0.92336 -0.00708008 0.152405 0.952271 -2.68555 -24.1089 -2.74658 7.87944 0.849228 135.451 224.549
2018-Nov-26 11:29:16.140373 2791 0.377956 0.0204363 0.0657559 0.923259 -0.0106201 0.1651 0.950134 -6.5918 -32.8369 -4.88281 7.86662 0.692337 135.427 224.573
2018-Nov-26 11:29:16.146837 6464 0.378315 0.0216024 0.0650431 0.923136 -0.0193481 0.160339 0.962891 -9.21631 -33.2642 -6.40869 7.84145 0.539597 135.394 224.606
2018-Nov-26 11:29:16.150421 3584 0.378676 0.0223993 0.0643345 0.923019 -0.0286255 0.148438 0.972839 -11.2305 -26.6724 -6.7749 7.80072 0.426437 135.358 224.642
2018-Nov-26 11:29:16.155807 5386 0.379003 0.0227617 0.0636566 0.922923 -0.0469971 0.13501 0.977783 -12.9395 -18.9819 -6.28662 7.74438 0.360657 135.324 224.676
2018-Nov-26 11:29:16.161918 6111 0.379296 0.0229244 0.062943 0.922847 -0.0561523 0.126587 0.988831 -14.2822 -16.5405 -5.49316 7.67557 0.314301 135.293 224.707
2018-Nov-26 11:29:16.165660 3742 0.379568 0.0232261 0.0621359 0.922783 -0.0583496 0.132874 0.996399 -15.1367 -20.9351 -4.63867 7.60295 0.24881 135.266 224.734
2018-Nov-26 11:29:16.171206 5546 0.379817 0.0238305 0.0612547 0.922724 -0.0498047 0.142944 0.995178 -15.1367 -27.6489 -3.66211 7.53575 0.147552 135.244 224.756
2018-Nov-26 11:29:16.175796 4590 0.380074 0.0245683 0.0604166 0.922654 -0.00183105 0.18158 0.985107 -16.3574 -26.6724 -4.21143 7.47899 0.0340576 135.221 224.779
2018-Nov-26 11:29:16.180426 4630 0.38036 0.0246421 0.0596903 0.922581 -0.0126343 0.121948 0.968872 -17.7002 -10.498 -5.92041 7.40511 -0.00352478 135.19 224.81
2018-Nov-26 11:29:16.187292 6866 0.380506 0.0242597 0.0586959 0.922595 0.0239868 0.0396729 1.02167 -18.9819 -0.915527 -2.99072 7.28279 -0.00552368 135.175 224.825
2018-Nov-26 11:29:16.190287 2995 0.380385 0.0240345 0.0572327 0.922743 0.177979 0.048645 1.20465 -23.0103 4.15039 2.68555 7.11763 -0.0470276 135.197 224.803
2018-Nov-26 11:29:16.196762 6475 0.380212 0.0243876 0.0558109 0.922892 0.368958 0.106689 1.4408 -18.9209 11.7798 2.2583 6.98212 -0.148575 135.228 224.772
2018-Nov-26 11:29:16.200419 3657 0.380405 0.0251337 0.0550449 0.922838 0.477478 0.101929 1.5788 -1.70898 23.9258 -8.72803 6.93347 -0.2603 135.212 224.788
2018-Nov-26 11:29:16.205765 5346 0.381305 0.0261549 0.0553334 0.922421 0.484009 0.0658569 1.56268 26.3672 31.1279 -27.6489 7.00912 -0.349472 135.104 224.896
2018-Nov-26 11:29:16.211926 6161 0.38306 0.0277081 0.0567011 0.921565 0.420166 0.0473633 1.43665 56.0913 23.8037 -49.1943 7.22321 -0.440659 134.886 225.114
2018-Nov-26 11:29:16.215720 3794 0.385614 0.0301867 0.0589698 0.920279 0.353943 0.0999146 1.28906 79.4678 3.479 -68.5425 7.57466 -0.582718 134.569 225.431
2018-Nov-26 11:29:16.221173 5453 0.388854 0.033337 0.0618608 0.918615 0.288513 0.109863 1.14569 94.5435 -13.7939 -85.144 8.02348 -0.760223 134.167 225.833
2018-Nov-26 11:29:16.225640 4467 0.392663 0.0364719 0.0652256 0.916642 0.216064 0.107056 1.0296 103.333 -18.1274 -99.4263 8.52374 -0.906158 133.69 226.31
2018-Nov-26 11:29:16.230649 5009 0.396906 0.039174 0.0689985 0.914423 0.134888 0.110657 0.931335 107.239 -14.8315 -110.718 9.04932 -0.978897 133.151 226.849
2018-Nov-26 11:29:16.237495 6846 0.401432 0.0413402 0.0730654 0.912033 0.0432129 0.125793 0.860657 106.934 -11.1084 -117.92 9.58244 -0.973068 132.568 227.432
2018-Nov-26 11:29:16.240317 2822 0.406045 0.0430592 0.077274 0.909562 -0.0429688 0.146729 0.793396 103.394 -10.2539 -119.812 10.11 -0.906586 131.966 228.034
2018-Nov-26 11:29:16.245732 5415 0.410567 0.0444217 0.0814585 0.907098 -0.109131 0.162659 0.745422 97.4121 -10.8032 -117.004 10.6179 -0.798721 131.37 228.63
2018-Nov-26 11:29:16.250913 5181 0.414845 0.0454528 0.0856071 0.904715 -0.160278 0.217773 0.679626 88.7451 -9.70459 -110.474 11.1052 -0.654922 130.797 229.203
2018-Nov-26 11:29:16.255650 4737 0.418732 0.0455522 0.0901981 0.90247 -0.235779 0.265076 0.551392 82.0923 7.93457 -101.807 11.5925 -0.390793 130.258 229.742
2018-Nov-26 11:29:16.262289 6639 0.421912 0.0431553 0.0953324 0.900577 -0.343567 0.263184 0.479858 65.979 56.7017 -87.3413 12.0124 0.158997 129.778 230.222
2018-Nov-26 11:29:16.265654 3365 0.424072 0.0378624 0.100657 0.89922 -0.422974 0.24292 0.50116 43.2739 111.877 -65.6738 12.3063 1.01329 129.394 230.606
2018-Nov-26 11:29:16.270237 4583 0.425058 0.0307324 0.10541 0.898482 -0.409851 0.230713 0.639221 17.395 146.118 -38.9404 12.4474 2.01797 129.144 230.856
2018-Nov-26 11:29:16.276233 5996 0.425061 0.0234529 0.10902 0.898269 -0.315918 0.228271 0.831848 -3.35693 149.414 -15.0146 12.4622 2.96727 129.029 230.971
2018-Nov-26 11:29:16.280460 4227 0.424485 0.0173388 0.111461 0.898381 -0.200439 0.223511 0.990967 -12.146 129.517 0.732422 12.4149 3.72644 129.013 230.987
2018-Nov-26 11:29:16.287863 7403 0.423747 0.0128664 0.113044 0.898607 -0.101746 0.216797 1.07013 -10.9863 101.135 7.01904 12.3608 4.26703 129.044 230.956
2018-Nov-26 11:29:16.290469 2606 0.423137 0.00983524 0.114155 0.898792 -0.0505371 0.213501 1.08026 -5.37109 75.2563 6.10352 12.3291 4.63397 129.079 230.921
2018-Nov-26 11:29:16.295652 5183 0.422777 0.00785369 0.11509 0.898862 -0.0389404 0.224854 1.04211 0.244141 54.6875 1.83105 12.3299 4.88522 129.092 230.908
2018-Nov-26 11:29:16.301008 5356 0.42268 0.00643737 0.115994 0.898802 -0.0580444 0.225647 0.977356 3.60107 41.1987 -3.2959 12.3541 5.07932 129.077 230.923
2018-Nov-26 11:29:16.305600 4592 0.422773 0.00520031 0.116921 0.898647 -0.0883179 0.239685 0.907715 3.54004 34.1187 -7.20215 12.3884 5.25848 129.039 230.961
2018-Nov-26 11:29:16.312077 6477 0.422952 0.0038538 0.117809 0.898453 -0.125427 0.242004 0.859436 -0.183105 31.7383 -8.97217 12.4126 5.44839 128.989 231.011
2018-Nov-26 11:29:16.315381 3304 0.423132 0.00230837 0.118519 0.89828 -0.163391 0.246826 0.837891 -6.95801 30.0293 -8.54492 12.4085 5.64999 128.94 231.06
2018-Nov-26 11:29:16.320099 4718 0.423267 0.000659219 0.118905 0.898168 -0.204468 0.247375 0.840881 -15.2588 25.0244 -6.46973 12.3657 5.84486 128.901 231.099
2018-Nov-26 11:29:16.326126 6027 0.423317 -0.000922583 0.118969 0.898136 -0.243774 0.271606 0.843079 -23.1323 16.6016 -3.11279 12.2935 6.01468 128.88 231.12
2018-Nov-26 11:29:16.330334 4208 0.423218 -0.00240311 0.118688 0.898217 -0.267883 0.259583 0.849915 -29.8462 8.54492 1.89209 12.1916 6.15372 128.885 231.115
2018-Nov-26 11:29:16.337692 7358 0.422886 -0.00390889 0.118165 0.898437 -0.309387 0.296631 0.857483 -37.4756 3.84521 8.48389 12.0651 6.27962 128.924 231.076
2018-Nov-26 11:29:16.340163 2471 0.422318 -0.00528198 0.117073 0.89884 -0.235291 0.27063 0.915649 -47.7295 -0.0610352 14.6484 11.888 6.35883 129.005 230.995
2018-Nov-26 11:29:16.345619 5456 0.421529 -0.00698495 0.115391 0.899416 -0.165833 0.184204 1.01825 -55.1147 10.5591 18.9209 11.6352 6.43929 129.121 230.879
2018-Nov-26 11:29:16.350925 5306 0.42054 -0.0092783 0.113579 0.900089 -0.215515 0.0960693 1.03973 -53.5889 22.3389 23.3765 11.3417 6.57289 129.261 230.739
2018-Nov-26 11:29:16.355566 4641 0.419148 -0.0118836 0.112343 0.900862 -0.185669 0.22052 1.09668 -49.3164 36.0718 31.1279 11.0957 6.76454 129.439 230.561
2018-Nov-26 11:29:16.362101 6535 0.417379 -0.0142316 0.111807 0.901716 -0.141907 0.290588 1.09808 -42.6636 43.2739 38.5742 10.9386 6.96135 129.656 230.344
2018-Nov-26 11:29:16.365431 3330 0.415584 -0.0160022 0.111393 0.902566 -0.138977 0.267883 1.03888 -37.1704 34.4849 40.0391 10.8231 7.10405 129.879 230.121
2018-Nov-26 11:29:16.369935 4504 0.413956 -0.0171473 0.110683 0.90338 -0.158447 0.251587 0.972534 -36.6211 16.4795 38.0859 10.7067 7.16859 130.09 229.91
2018-Nov-26 11:29:16.375600 5665 0.412415 -0.0180893 0.10967 0.90419 -0.154785 0.247803 0.962036 -40.8936 8.30078 36.7432 10.5681 7.19788 130.296 229.704
2018-Nov-26 11:29:16.380397 4797 0.411052 -0.0192169 0.10869 0.904905 -0.147949 0.312988 0.976196 -46.0815 12.8784 31.0059 10.4227 7.25095 130.478 229.522
2018-Nov-26 11:29:16.387430 7033 0.409653 -0.0208351 0.107281 0.905671 -0.191101 0.100525 0.980774 -48.4009 16.7236 32.7759 10.2097 7.33421 130.668 229.332
2018-Nov-26 11:29:16.390389 2959 0.40787 -0.0224421 0.105376 0.906661 -0.176147 0.0761108 0.993835 -48.8892 12.0239 43.7622 9.94914 7.388 130.914 229.086
2018-Nov-26 11:29:16.396540 6151 0.405904 -0.0239477 0.103393 0.907732 -0.134399 0.0543823 1.0636 -46.936 13.7939 48.0957 9.68701 7.42651 131.185 228.815
2018-Nov-26 11:29:16.400142 3602 0.403928 -0.025252 0.101805 0.908757 -0.103027 0.0979614 1.12909 -38.0249 18.2495 47.6074 9.47588 7.46454 131.452 228.548
2018-Nov-26 11:29:16.405384 5242 0.402047 -0.0262559 0.100847 0.909669 -0.086853 0.131226 1.1521 -25.5737 20.6909 44.7388 9.3441 7.5038 131.698 228.302
2018-Nov-26 11:29:16.411741 6357 0.400384 -0.0268791 0.100333 0.910442 -0.088623 0.126953 1.14203 -13.6719 17.0288 39.856 9.27484 7.52736 131.912 228.088
2018-Nov-26 11:29:16.415481 3740 0.398876 -0.0273537 0.100176 0.911106 -0.117798 0.136658 1.11426 -5.43213 14.7095 36.438 9.24869 7.55446 132.101 227.899
2018-Nov-26 11:29:16.420872 5391 0.397403 -0.0276783 0.10019 0.911738 -0.111084 0.124023 1.09784 -0.305176 12.0239 36.0107 9.24728 7.57451 132.284 227.716
2018-Nov-26 11:29:16.425243 4371 0.395978 -0.0279066 0.100273 0.912342 -0.128723 0.0932617 1.08051 4.39453 9.52148 35.5225 9.25719 7.58821 132.461 227.539
2018-Nov-26 11:29:16.430300 5057 0.394482 -0.0282551 0.100573 0.912946 -0.140381 0.095459 1.06952 8.8501 12.5122 37.2314 9.28488 7.62434 132.642 227.358
2018-Nov-26 11:29:16.437069 6769 0.3929 -0.0287609 0.101243 0.913538 -0.174561 0.119995 1.03491 13.0615 16.3574 39.0015 9.34499 7.69398 132.826 227.174
2018-Nov-26 11:29:16.439968 2899 0.391117 -0.0294893 0.102351 0.914157 -0.176392 0.16394 1.00922 15.686 23.6206 42.9688 9.44273 7.80594 133.028 226.972
2018-Nov-26 11:29:16.446290 6322 0.389062 -0.0297999 0.104498 0.91478 -0.145447 0.517883 0.980103 15.0757 26.6113 46.5698 9.67139 7.92006 133.248 226.752
2018-Nov-26 11:29:16.450050 3760 0.386878 -0.0305306 0.106552 0.915445 -0.191467 0.296204 0.988098 9.27734 33.3252 49.3164 9.87285 8.07233 133.483 226.517
2018-Nov-26 11:29:16.455330 5280 0.384187 -0.0320129 0.107986 0.91636 -0.193237 0.218201 0.98877 3.66211 42.9688 61.9507 9.9803 8.26897 133.785 226.215
2018-Nov-26 11:29:16.461598 6268 0.381044 -0.0338455 0.109192 0.917462 -0.177917 0.200134 0.981873 -0.305176 50.5371 72.3877 10.0534 8.48692 134.144 225.856
2018-Nov-26 11:29:16.465209 3611 0.377659 -0.0353948 0.110131 0.918691 -0.153992 0.205688 0.981934 -3.479 45.3491 78.6743 10.1146 8.65923 134.539 225.461
2018-Nov-26 11:29:16.470854 5645 0.374224 -0.036437 0.110717 0.919984 -0.122559 0.196167 0.978271 -6.28662 35.0342 80.7495 10.1627 8.76012 134.949 225.051
2018-Nov-26 11:29:16.475242 4388 0.370895 -0.0370623 0.11096 0.921277 -0.108093 0.187256 0.964478 -8.97217 25.3296 79.0405 10.1926 8.80157 135.355 224.645
2018-Nov-26 11:29:16.480277 5035 0.367713 -0.0374136 0.11089 0.922546 -0.0942383 0.177979 0.954285 -12.2681 17.9443 76.0498 10.2001 8.80086 135.75 224.25
2018-Nov-26 11:29:16.487201 6924 0.364778 -0.0373814 0.110433 0.923766 -0.0925293 0.170288 0.953857 -16.0522 6.53076 71.0449 10.1809 8.74426 136.123 223.877
2018-Nov-26 11:29:16.490215 3014 0.36217 -0.036942 0.109574 0.924912 -0.0715942 0.16803 0.948181 -20.4468 -4.94385 64.0259 10.133 8.62956 136.466 223.534
2018-Nov-26 11:29:16.496321 6106 0.359908 -0.0361888 0.108332 0.92597 -0.0775146 0.157288 0.945007 -24.8413 -15.3809 56.5186 10.054 8.46815 136.773 223.227
2018-Nov-26 11:29:16.500046 3725 0.357926 -0.0352738 0.106727 0.92696 -0.062439 0.136902 0.9422 -29.2358 -22.0337 50.2319 9.9397 8.27682 137.053 222.947
2018-Nov-26 11:29:16.505313 5267 0.356163 -0.0340893 0.104778 0.927905 -0.0583496 0.127502 0.970215 -32.4707 -30.2734 45.7153 9.79741 8.04436 137.312 222.688
2018-Nov-26 11:29:16.511461 6148 0.354555 -0.0329937 0.102836 0.928777 -0.0728149 0.128784 0.986877 -32.3486 -29.541 41.8091 9.64986 7.82428 137.55 222.45
2018-Nov-26 11:29:16.515087 3626 0.352967 -0.0321391 0.10112 0.9296 -0.0251465 0.139954 0.992065 -30.2734 -20.2026 40.0391 9.51549 7.64105 137.78 222.22
2018-Nov-26 11:29:16.520728 5641 0.351519 -0.0310261 0.0995263 0.930358 0.0206299 0.157715 0.97644 -27.4048 -20.3247 36.2549 9.403 7.43727 137.991 222.009
2018-Nov-26 11:29:16.525270 4542 0.350344 -0.0299903 0.098085 0.930988 0.0310059 0.16803 0.959167 -26.2451 -15.8691 28.8086 9.30083 7.25165 138.165 221.835
2018-Nov-26 11:29:16.530442 5172 0.349448 -0.029339 0.0968196 0.931478 0.0178223 0.171509 0.942078 -26.2451 -7.69043 21.0571 9.1991 7.11826 138.299 221.701
2018-Nov-26 11:29:16.536912 6470 0.348842 -0.0289231 0.0955868 0.931845 -0.0101929 0.176636 0.942017 -27.771 -5.67627 13.7329 9.08879 7.01483 138.394 221.606
2018-Nov-26 11:29:16.539827 2915 0.348473 -0.0287602 0.0943218 0.932118 -0.0581055 0.173157 0.942078 -30.3345 -5.5542 8.05664 8.96283 6.9399 138.459 221.541
2018-Nov-26 11:29:16.546263 6436 0.348247 -0.0288925 0.092983 0.932332 -0.111084 0.156616 0.961914 -32.8369 -5.67627 4.76074 8.81581 6.89528 138.504 221.496
2018-Nov-26 11:29:16.549748 3485 0.348035 -0.0291722 0.0914929 0.93255 -0.146057 0.134094 0.972595 -35.0952 -8.30078 5.00488 8.64648 6.86047 138.549 221.451
2018-Nov-26 11:29:16.555122 5374 0.34774 -0.0295181 0.0898372 0.93281 -0.169678 0.107788 0.9823 -36.7432 -11.1084 7.56836 8.45734 6.82526 138.605 221.395
2018-Nov-26 11:29:16.559773 4651 0.347257 -0.0299116 0.0880562 0.933147 -0.183716 0.0930176 0.983398 -38.269 -12.7563 12.5122 8.25418 6.78848 138.686 221.314
2018-Nov-26 11:29:16.565056 5283 0.346533 -0.0303331 0.086183 0.933578 -0.188843 0.0900269 0.985657 -40.3442 -13.4888 18.4326 8.04172 6.74915 138.796 221.204
2018-Nov-26 11:29:16.570313 5257 0.345547 -0.0307078 0.0842256 0.934109 -0.172852 0.102661 0.97406 -43.396 -14.0381 24.5972 7.82394 6.69952 138.94 221.06
2018-Nov-26 11:29:16.575197 4884 0.344332 -0.0311876 0.0822978 0.934714 -0.16156 0.118469 0.969849 -46.0205 -9.8877 29.48 7.60667 6.66125 139.111 220.889
2018-Nov-26 11:29:16.581804 6607 0.342937 -0.0319289 0.0803597 0.93537 -0.156616 0.109985 0.964294 -49.1333 -3.35693 33.0811 7.37904 6.65013 139.302 220.698
2018-Nov-26 11:29:16.585151 3347 0.341375 -0.03293 0.0783468 0.936077 -0.146729 0.103516 0.97052 -52.5513 2.80762 36.438 7.13423 6.66357 139.512 220.488
2018-Nov-26 11:29:16.589717 4566 0.339664 -0.0341963 0.0762731 0.936825 -0.133545 0.0968018 0.991882 -55.6641 9.8877 39.2456 6.87355 6.70314 139.739 220.261
2018-Nov-26 11:29:16.595734 6017 0.337916 -0.0356069 0.0741155 0.937578 -0.135925 0.0765991 1.00952 -57.251 13.1226 39.856 6.59865 6.75577 139.97 220.03
2018-Nov-26 11:29:16.599770 4036 0.336286 -0.0368772 0.0718518 0.938291 -0.135864 0.0632935 1.02185 -56.8848 9.21631 37.2925 6.31721 6.79091 140.189 219.811
2018-Nov-26 11:29:16.607135 7365 0.334895 -0.0379229 0.0695439 0.93892 -0.146179 0.043335 1.01453 -54.3823 3.05176 32.0435 6.03822 6.80266 140.38 219.62
2018-Nov-26 11:29:16.609662 2527 0.333792 -0.0387799 0.0673212 0.93944 -0.156006 0.0258789 1.0033 -49.3164 -1.95312 25.6348 5.7737 6.80011 140.535 219.465
2018-Nov-26 11:29:16.614952 5290 0.33298 -0.0395021 0.0652887 0.939841 -0.170776 0.0107422 1.00269 -42.4805 -5.24902 19.104 5.53278 6.79295 140.654 219.346
2018-Nov-26 11:29:16.620112 5160 0.332442 -0.0400956 0.063504 0.940129 -0.189758 0.00195312 0.993103 -34.9731 -8.48389 13.0005 5.32153 6.78371 140.736 219.264
2018-Nov-26 11:29:16.624954 4842 0.332148 -0.0405266 0.0619507 0.940318 -0.207458 0.000427246 0.99646 -28.2593 -12.5732 7.50732 5.13972 6.76764 140.786 219.214
2018-Nov-26 11:29:16.631621 6667 0.332036 -0.0407892 0.0606539 0.940431 -0.215454 0.003479 0.995483 -21.6064 -15.8081 3.54004 4.99072 6.74452 140.813 219.187
2018-Nov-26 11:29:16.634999 3378 0.332036 -0.0409969 0.0596641 0.940485 -0.225952 0.00469971 1.0058 -14.7705 -15.8081 1.0376 4.8761 6.72816 140.822 219.178
2018-Nov-26 11:29:16.639718 4719 0.332097 -0.0411422 0.0590183 0.940498 -0.229797 0.0124512 1.01154 -7.44629 -15.2588 -0.244141 4.80051 6.71889 140.821 219.179
2018-Nov-26 11:29:16.645562 5844 0.332182 -0.0411785 0.0587245 0.940484 -0.225159 0.0198364 1.03168 0.183105 -14.5874 -0.610352 4.76685 6.71173 140.814 219.186
2018-Nov-26 11:29:16.649604 4042 0.332257 -0.0410476 0.0588053 0.940458 -0.21582 0.0349731 1.05206 8.42285 -14.2822 -0.12207 4.78006 6.7011 140.804 219.196
2018-Nov-26 11:29:16.656977 7373 0.332276 -0.0407403 0.0592626 0.940437 -0.191162 0.0407715 1.04718 16.9067 -13.0615 1.46484 4.84102 6.68587 140.798 219.202
2018-Nov-26 11:29:16.659630 2653 0.332224 -0.0403401 0.0599356 0.94043 -0.175598 0 1.03113 24.7803 -11.4136 3.60107 4.92929 6.66866 140.799 219.201
2018-Nov-26 11:29:16.664935 5305 0.331926 -0.0400066 0.06078 0.940495 -0.225891 0.0012207 0.927856 28.8696 -12.085 9.94873 5.03522 6.66411 140.828 219.172
2018-Nov-26 11:29:16.670016 5081 0.331048 -0.0395555 0.0615409 0.940774 -0.21936 0.0759888 0.893921 21.6675 -17.0898 23.8037 5.14073 6.64035 140.929 219.071
2018-Nov-26 11:29:16.675133 5117 0.32964 -0.0389022 0.0621748 0.941254 -0.118774 0.125427 0.944092 13.4888 -14.5264 35.6445 5.24397 6.58656 141.096 218.904
2018-Nov-26 11:29:16.681566 6433 0.328121 -0.0383295 0.062898 0.94176 -0.0367432 0.130432 0.979492 12.6953 -1.64795 37.1704 5.3544 6.5441 141.276 218.724
2018-Nov-26 11:29:16.684868 3302 0.326778 -0.037874 0.0637522 0.942188 -0.0169067 0.123352 0.961853 15.5029 6.5918 32.4097 5.47321 6.52011 141.432 218.568
2018-Nov-26 11:29:16.689564 4696 0.325638 -0.0373184 0.0645499 0.94255 -0.0352173 0.123718 0.926514 15.5029 2.92969 27.71 5.58823 6.48396 141.565 218.435
2018-Nov-26 11:29:16.695603 6039 0.324682 -0.0367166 0.0651019 0.942865 -0.0386353 0.109558 0.927185 11.6577 -1.34277 23.4375 5.67709 6.43419 141.678 218.322
2018-Nov-26 11:29:16.699543 3940 0.323903 -0.0362809 0.065476 0.943124 -0.0463867 0.0951538 0.954834 8.8501 0.183105 19.043 5.73923 6.39655 141.77 218.23
2018-Nov-26 11:29:16.706977 7434 0.3233 -0.0360459 0.0657939 0.943318 -0.0667725 0.0953369 0.965515 7.26318 2.31934 14.6484 5.7865 6.37953 141.841 218.159
2018-Nov-26 11:29:16.709592 2615 0.322827 -0.0359217 0.0660372 0.943468 -0.0819702 0.0917358 0.976318 5.37109 2.19727 11.4136 5.82065 6.37245 141.897 218.103
2018-Nov-26 11:29:16.714895 5303 0.322448 -0.0359062 0.0661952 0.943587 -0.0983276 0.0858765 0.992493 3.60107 2.19727 9.15527 5.84087 6.3745 141.941 218.059
2018-Nov-26 11:29:16.720062 5167 0.322114 -0.0360484 0.0663275 0.943686 -0.117432 0.0779419 0.99707 2.86865 3.479 8.05664 5.85211 6.39297 141.98 218.02
2018-Nov-26 11:29:16.724931 4869 0.321769 -0.0363247 0.0664569 0.943784 -0.136658 0.0773926 0.992981 2.19727 4.27246 8.30078 5.85812 6.42584 142.019 217.981
2018-Nov-26 11:29:16.731785 6854 0.32141 -0.0366573 0.0665477 0.943887 -0.151245 0.0809937 0.988831 0.671387 3.41797 8.72803 5.85797 6.4633 142.06 217.94
2018-Nov-26 11:29:16.735110 3325 0.32103 -0.0370084 0.0666216 0.943998 -0.166748 0.100159 0.988281 -1.28174 2.01416 9.15527 5.85548 6.50197 142.103 217.897
2018-Nov-26 11:29:16.739795 4685 0.320607 -0.0374102 0.0666411 0.944124 -0.181152 0.100708 0.994507 -3.72314 1.28174 10.1929 5.84554 6.54382 142.153 217.847
2018-Nov-26 11:29:16.745671 5876 0.320101 -0.0378781 0.0665457 0.944284 -0.194397 0.0933838 1.00409 -6.28662 0.610352 12.207 5.8213 6.58803 142.213 217.787
2018-Nov-26 11:29:16.749587 3916 0.319464 -0.0383874 0.0662933 0.944497 -0.197388 0.0794678 1.00952 -8.97217 -0.183105 15.4419 5.77953 6.62999 142.29 217.71
2018-Nov-26 11:29:16.756839 7252 0.318649 -0.0388916 0.0659172 0.944778 -0.193542 0.0758667 1.00775 -11.1084 -0.793457 19.7144 5.72585 6.6657 142.39 217.61
2018-Nov-26 11:29:16.759542 2703 0.317654 -0.0393871 0.0654994 0.945121 -0.188232 0.0793457 1.00909 -12.3901 -0.488281 23.9868 5.66931 6.69788 142.513 217.487
2018-Nov-26 11:29:16.764796 5254 0.316492 -0.0398806 0.0650707 0.94552 -0.176025 0.0811157 1.00519 -13.1836 0.671387 27.832 5.61293 6.72858 142.656 217.344
2018-Nov-26 11:29:16.769990 5194 0.315195 -0.0403609 0.0646088 0.945965 -0.168091 0.081604 0.998169 -14.2822 1.34277 30.9448 5.55447 6.75597 142.816 217.184
2018-Nov-26 11:29:16.774878 4888 0.313805 -0.0407739 0.0640457 0.946447 -0.152649 0.0762939 1 -15.9302 0.671387 33.1421 5.48824 6.7719 142.988 217.012
2018-Nov-26 11:29:16.781896 7018 0.312345 -0.0410974 0.0633492 0.946963 -0.139648 0.0714722 0.997498 -17.9443 -0.610352 34.79 5.41133 6.77292 143.17 216.83
2018-Nov-26 11:29:16.785153 3257 0.310838 -0.0413142 0.0625255 0.947504 -0.129456 0.0690918 1.00513 -19.7754 -2.50244 35.9497 5.32483 6.7576 143.36 216.64
2018-Nov-26 11:29:16.789712 4559 0.309299 -0.0414371 0.0615894 0.948063 -0.117249 0.0669556 1.00897 -21.4844 -4.02832 36.6821 5.22968 6.72804 143.555 216.445
2018-Nov-26 11:29:16.794869 5157 0.307729 -0.0414702 0.0605767 0.948638 -0.100769 0.069397 1.01819 -22.7661 -4.82178 37.3535 5.12952 6.68605 143.755 216.245
2018-Nov-26 11:29:16.799638 4769 0.306136 -0.0414292 0.0595475 0.94922 -0.0767822 0.078125 1.0199 -23.4985 -4.21143 37.7197 5.03023 6.63564 143.958 216.042
2018-Nov-26 11:29:16.806525 6887 0.304524 -0.0413927 0.0585581 0.949801 -0.0653687 0.0906372 1.01904 -24.1089 -2.0752 37.8418 4.93507 6.58745 144.162 215.838
2018-Nov-26 11:29:16.809431 2906 0.302922 -0.0414414 0.05761 0.950369 -0.0597534 0.0905151 1.02472 -24.4141 0.915527 37.3535 4.8412 6.55049 144.364 215.636
2018-Nov-26 11:29:16.815637 6206 0.301342 -0.0415698 0.0566606 0.950923 -0.0584106 0.0858765 1.03094 -24.7803 2.99072 36.6821 4.74414 6.52269 144.563 215.437
2018-Nov-26 11:29:16.819328 3691 0.29977 -0.0417385 0.055754 0.951466 -0.0580444 0.0910034 1.03497 -24.4141 4.27246 36.377 4.65019 6.50124 144.76 215.24
2018-Nov-26 11:29:16.824704 5376 0.298254 -0.0418723 0.0549203 0.951985 -0.0534058 0.101685 1.02545 -23.6816 4.21143 34.9731 4.56496 6.47916 144.95 215.05
2018-Nov-26 11:29:16.830939 6235 0.296799 -0.0420187 0.0541957 0.952474 -0.0465088 0.113892 1.01678 -22.8271 5.7373 33.3252 4.49072 6.46288 145.131 214.869
2018-Nov-26 11:29:16.834781 3842 0.295417 -0.0423136 0.0536115 0.952924 -0.0521851 0.123169 1.00842 -22.0337 9.76562 31.311 4.42621 6.46837 145.302 214.698
2018-Nov-26 11:29:16.840306 5525 0.2941 -0.0427745 0.0531332 0.953337 -0.067749 0.128418 1.00543 -21.6675 12.6953 29.541 4.36717 6.49626 145.463 214.537
2018-Nov-26 11:29:16.844750 4444 0.292857 -0.0433087 0.0526689 0.953722 -0.0784912 0.121643 1.01453 -21.6064 13.1226 27.771 4.30675 6.5332 145.614 214.386
2018-Nov-26 11:29:16.849520 4770 0.2917 -0.0438506 0.052196 0.954077 -0.0839233 0.111877 1.01477 -20.874 12.4512 25.8179 4.24466 6.57124 145.755 214.245
2018-Nov-26 11:29:16.856327 6807 0.290636 -0.0444076 0.0517754 0.954399 -0.0913696 0.10968 1.02087 -19.2261 12.4512 23.6816 4.18723 6.61331 145.885 214.115
2018-Nov-26 11:29:16.859264 2937 0.289682 -0.044975 0.0514517 0.95468 -0.104492 0.105469 1.02203 -16.7236 12.146 21.1792 4.13937 6.66045 146 214
2018-Nov-26 11:29:16.865211 5947 0.288836 -0.045528 0.0512554 0.954921 -0.113464 0.102722 1.0163 -13.4277 11.4746 18.7988 4.10527 6.71091 146.101 213.899
2018-Nov-26 11:29:16.869272 4061 0.288084 -0.0460795 0.0511857 0.955125 -0.12085 0.0966187 1.01056 -10.0708 11.3525 16.6626 4.0845 6.76596 146.19 213.81
2018-Nov-26 11:29:16.874858 5586 0.287412 -0.0466558 0.0512161 0.955298 -0.135559 0.0889893 1.00598 -7.20215 11.2305 15.0146 4.07339 6.82751 146.268 213.732
2018-Nov-26 11:29:16.881162 6304 0.28681 -0.0471785 0.0512861 0.95545 -0.141602 0.078064 1.00977 -4.82178 9.33838 13.6108 4.06798 6.88483 146.337 213.663
2018-Nov-26 11:29:16.884922 3760 0.286253 -0.0475959 0.0513758 0.955591 -0.150208 0.0690308 1.00543 -2.56348 6.28662 12.8784 4.06795 6.93143 146.402 213.598
2018-Nov-26 11:29:16.890579 5657 0.285721 -0.0478964 0.0515054 0.955729 -0.151672 0.0652466 1.00464 -0.244141 3.54004 12.5122 4.07603 6.96661 146.463 213.537
2018-Nov-26 11:29:16.894736 4157 0.285189 -0.0480725 0.0517178 0.955867 -0.15094 0.0664673 1.00659 2.44141 1.46484 12.7563 4.09734 6.99089 146.524 213.476
2018-Nov-26 11:29:16.899382 4646 0.28465 -0.0481314 0.0520357 0.956007 -0.150146 0.0720215 1.00354 5.06592 -0.305176 13.1836 4.13412 7.00577 146.585 213.415
2018-Nov-26 11:29:16.906224 6842 0.284094 -0.0480787 0.0524499 0.956153 -0.146545 0.0733643 1.00336 7.62939 -1.83105 13.7329 4.1853 7.01147 146.648 213.352
2018-Nov-26 11:29:16.909279 3055 0.283517 -0.0478997 0.0529217 0.956307 -0.138916 0.0696411 0.995728 10.0098 -3.60107 14.5264 4.24709 7.00505 146.713 213.287
2018-Nov-26 11:29:16.915554 6275 0.282914 -0.0476233 0.0534296 0.956471 -0.13092 0.065918 0.991516 11.9019 -4.69971 15.3198 4.31621 6.98892 146.781 213.219
2018-Nov-26 11:29:16.919136 3582 0.282276 -0.047289 0.0539534 0.956647 -0.12262 0.0645752 0.988586 12.9395 -5.00488 16.2354 4.38922 6.96672 146.853 213.147
2018-Nov-26 11:29:16.924752 5616 0.281604 -0.046927 0.0544772 0.956833 -0.116821 0.0634155 0.981628 13.2446 -4.94385 17.0898 4.46335 6.94122 146.93 213.07
2018-Nov-26 11:29:16.931298 6546 0.280878 -0.0465918 0.055007 0.957032 -0.111938 0.0685425 0.978088 13.0005 -3.78418 18.2495 4.53761 6.91852 147.013 212.987
2018-Nov-26 11:29:16.934830 3532 0.280077 -0.0463661 0.0555742 0.957245 -0.114868 0.0755005 0.976929 12.4512 -1.09863 19.8364 4.61295 6.90868 147.104 212.896
2018-Nov-26 11:29:16.940454 5624 0.279206 -0.0462515 0.0561449 0.957472 -0.112 0.0835571 0.973145 11.0474 1.46484 21.2402 4.68553 6.91075 147.203 212.797
2018-Nov-26 11:29:16.944678 4224 0.278274 -0.0462221 0.0566889 0.957713 -0.111694 0.0861816 0.978882 9.39941 3.41797 22.4609 4.75288 6.92091 147.309 212.691
2018-Nov-26 11:29:16.949289 4611 0.277286 -0.046273 0.0571728 0.957968 -0.108521 0.0854492 0.969788 7.50732 5.06592 23.6206 4.81148 6.93758 147.422 212.578
2018-Nov-26 11:29:16.956260 6971 0.27624 -0.0464019 0.0575638 0.958241 -0.108765 0.0811157 0.974304 5.37109 6.46973 24.8413 4.85783 6.95941 147.542 212.458
2018-Nov-26 11:29:16.959035 2775 0.27513 -0.0466396 0.0578969 0.958528 -0.116455 0.0839844 0.97644 3.35693 8.05664 26.1841 4.89487 6.99097 147.67 212.33
2018-Nov-26 11:29:16.965480 6445 0.273949 -0.0469966 0.0582 0.95883 -0.120361 0.0916748 0.978333 1.34277 10.0708 27.5879 4.92538 7.03429 147.807 212.193
2018-Nov-26 11:29:16.969190 3710 0.272664 -0.0475496 0.0585044 0.959151 -0.128906 0.0970459 0.983643 -0.610352 13.916 29.7241 4.95071 7.09872 147.954 212.046
2018-Nov-26 11:29:16.974614 5424 0.271255 -0.0483422 0.0588227 0.959491 -0.142212 0.10321 0.982788 -2.56348 18.3105 32.2876 4.97112 7.18944 148.116 211.884
2018-Nov-26 11:29:16.981107 6493 0.269738 -0.0492664 0.0591634 0.959851 -0.146057 0.121704 0.975525 -4.57764 20.752 34.4849 4.99092 7.29485 148.289 211.711
2018-Nov-26 11:29:16.984910 3803 0.268195 -0.0501354 0.0594208 0.960222 -0.139587 0.124084 0.974365 -7.08008 19.4702 34.9731 5.00383 7.39131 148.466 211.534
2018-Nov-26 11:29:16.990319 5409 0.266689 -0.0508646 0.0594632 0.960601 -0.127319 0.110962 0.975586 -10.1318 16.2964 34.1187 4.99741 7.46562 148.642 211.358
2018-Nov-26 11:29:16.994683 4364 0.265287 -0.0513917 0.0592663 0.960973 -0.121521 0.100159 0.988708 -12.6953 11.3525 31.8604 4.97031 7.51054 148.808 211.192
2018-Nov-26 11:29:16.999369 4686 0.264014 -0.0517447 0.0588594 0.96133 -0.120056 0.0870361 0.999329 -14.7095 6.65283 29.0527 4.92456 7.53029 148.962 211.038
2018-Nov-26 11:29:17.006116 6747 0.262863 -0.0519628 0.0583082 0.961667 -0.123474 0.0792847 1.0127 -15.8081 2.68555 26.3672 4.86612 7.53133 149.104 210.896
2018-Nov-26 11:29:17.009040 2924 0.261806 -0.0520808 0.0576898 0.961986 -0.130737 0.0768433 1.02686 -16.1133 -0.488281 24.353 4.80261 7.51978 149.235 210.765
2018-Nov-26 11:29:17.015345 6305 0.260808 -0.0521127 0.057065 0.962293 -0.13208 0.0750122 1.03906 -15.4419 -2.74658 23.1323 4.74054 7.49893 149.36 210.64
2018-Nov-26 11:29:17.019041 3696 0.25984 -0.0520845 0.0564888 0.96259 -0.135803 0.0726929 1.04163 -13.7939 -4.08936 22.583 4.68535 7.47321 149.481 210.519
2018-Nov-26 11:29:17.024499 5458 0.258894 -0.0520132 0.0560125 0.962877 -0.133057 0.0765381 1.04358 -11.5356 -4.45557 22.1558 4.64227 7.44603 149.599 210.401
2018-Nov-26 11:29:17.030655 6156 0.257972 -0.0519174 0.0556459 0.96315 -0.132751 0.0731201 1.03577 -8.97217 -4.3335 21.7285 4.61179 7.41971 149.712 210.288
2018-Nov-26 11:29:17.034350 3695 0.257072 -0.0518023 0.0553605 0.963414 -0.127136 0.0705566 1.02417 -6.83594 -4.08936 21.3013 4.59064 7.39389 149.822 210.178
2018-Nov-26 11:29:17.039894 5544 0.2562 -0.0516693 0.0551491 0.963665 -0.122803 0.0707397 1.01385 -5.06592 -3.72314 20.6909 4.57793 7.36855 149.929 210.071
2018-Nov-26 11:29:17.044367 4473 0.255361 -0.0515243 0.0549868 0.963905 -0.125793 0.0653076 1.01318 -3.54004 -3.84521 20.0195 4.57071 7.34354 150.03 209.97
2018-Nov-26 11:29:17.049160 4793 0.254543 -0.0513927 0.0548888 0.964134 -0.122742 0.0631104 1.00403 -1.83105 -3.23486 19.5923 4.56999 7.32208 150.129 209.871
2018-Nov-26 11:29:17.055954 6794 0.253735 -0.0512745 0.054863 0.964355 -0.125549 0.0647583 1.00732 -0.305176 -2.62451 19.4092 4.57675 7.30437 150.225 209.775
2018-Nov-26 11:29:17.058865 2911 0.252926 -0.0511395 0.0549227 0.964571 -0.123047 0.0689087 1.00269 1.28174 -2.44141 19.4702 4.59343 7.28734 150.321 209.679
2018-Nov-26 11:29:17.065383 6518 0.252093 -0.0509686 0.0550748 0.964789 -0.122192 0.0774536 1.00903 2.80762 -2.50244 20.0806 4.62152 7.26895 150.419 209.581
2018-Nov-26 11:29:17.069055 3672 0.251235 -0.0507615 0.0553317 0.965009 -0.117188 0.0900269 1.00647 4.15039 -2.31934 20.6299 4.66243 7.24951 150.519 209.481
2018-Nov-26 11:29:17.074540 5485 0.250362 -0.0505335 0.0557098 0.965226 -0.115845 0.102356 1.0025 5.61523 -1.83105 20.9351 4.71742 7.23123 150.62 209.38
2018-Nov-26 11:29:17.080941 6401 0.249481 -0.0502983 0.0561929 0.965438 -0.11438 0.10907 1.00024 7.08008 -1.28174 21.1182 4.78427 7.21515 150.72 209.28
2018-Nov-26 11:29:17.084561 3620 0.248596 -0.0500767 0.0567557 0.965645 -0.11731 0.111267 0.994385 8.42285 -0.732422 21.2402 4.85957 7.2028 150.82 209.18
2018-Nov-26 11:29:17.090142 5581 0.247694 -0.0498892 0.0573579 0.965851 -0.113098 0.109558 0.991577 9.27734 0.366211 21.6064 4.93834 7.19522 150.922 209.078
2018-Nov-26 11:29:17.094484 4342 0.246778 -0.0497497 0.057958 0.966057 -0.101318 0.105957 0.98175 9.39941 2.31934 21.8506 5.01561 7.19269 151.025 208.975
2018-Nov-26 11:29:17.099063 4579 0.245885 -0.0496458 0.058496 0.966258 -0.0924683 0.0985718 0.978882 8.60596 3.78418 21.1792 5.08481 7.19232 151.126 208.874
2018-Nov-26 11:29:17.105947 6884 0.245056 -0.0495604 0.0589366 0.966446 -0.0808716 0.0946655 0.981506 7.14111 4.76074 19.5312 5.1422 7.19138 151.22 208.78
2018-Nov-26 11:29:17.108984 3037 0.244315 -0.0495487 0.0593293 0.96661 -0.0793457 0.100952 0.986572 5.61523 6.71387 17.2119 5.19153 7.19763 151.304 208.696
2018-Nov-26 11:29:17.115197 6213 0.243685 -0.0496296 0.0596996 0.966742 -0.0893555 0.102478 0.989868 4.57764 8.05664 14.4043 5.23495 7.21411 151.374 208.626
2018-Nov-26 11:29:17.118918 3721 0.243177 -0.0496825 0.0600079 0.966848 -0.0984497 0.102051 0.993286 3.54004 5.92041 11.5967 5.27141 7.22626 151.431 208.569
2018-Nov-26 11:29:17.124446 5528 0.242798 -0.0496332 0.0602498 0.966931 -0.113037 0.0969238 0.999268 3.35693 1.83105 8.8501 5.30243 7.22574 151.474 208.526
2018-Nov-26 11:29:17.130957 6511 0.242512 -0.0494734 0.0604598 0.966998 -0.123596 0.0917358 0.997009 3.96729 -2.2583 7.01904 5.33237 7.21245 151.506 208.494
2018-Nov-26 11:29:17.134557 3600 0.242287 -0.049247 0.0606635 0.967053 -0.13855 0.0860596 0.996094 4.88281 -5.37109 5.92041 5.36302 7.19189 151.532 208.468
2018-Nov-26 11:29:17.139968 5411 0.242085 -0.048981 0.0608618 0.967105 -0.148987 0.0803833 0.991882 5.7373 -7.75146 5.61523 5.39401 7.16684 151.555 208.445
2018-Nov-26 11:29:17.144326 4358 0.24187 -0.0486841 0.0610726 0.96716 -0.157227 0.0845947 0.989746 6.10352 -9.46045 6.04248 5.42734 7.13866 151.58 208.42
2018-Nov-26 11:29:17.149007 4681 0.241606 -0.048361 0.0612995 0.967228 -0.156677 0.0862427 0.987366 6.28662 -10.3149 7.26318 5.46355 7.1077 151.61 208.39
2018-Nov-26 11:29:17.155942 6935 0.241271 -0.0480368 0.061547 0.967312 -0.159607 0.0891724 0.982117 6.40869 -10.437 9.0332 5.50256 7.07681 151.649 208.351
2018-Nov-26 11:29:17.158822 2880 0.240882 -0.0477106 0.0617995 0.967409 -0.157043 0.0862427 0.9823 6.65283 -10.437 10.2539 5.54257 7.0455 151.694 208.306
2018-Nov-26 11:29:17.165150 6328 0.240431 -0.0473363 0.0620397 0.967524 -0.152771 0.0876465 0.990295 6.65283 -11.1084 11.8408 5.58299 7.00807 151.747 208.253
2018-Nov-26 11:29:17.168866 3716 0.239937 -0.0469105 0.0622834 0.967652 -0.148682 0.0908203 0.989441 6.7749 -11.7798 12.8784 5.62552 6.96472 151.805 208.195
2018-Nov-26 11:29:17.174316 5450 0.239396 -0.0464232 0.0625515 0.967792 -0.138855 0.0975342 0.989868 7.08008 -12.207 13.9771 5.67276 6.91489 151.869 208.131
2018-Nov-26 11:29:17.180851 6535 0.238812 -0.0459055 0.0628402 0.967943 -0.127869 0.104553 0.988525 6.95801 -11.6577 14.8926 5.72337 6.86192 151.938 208.062
2018-Nov-26 11:29:17.184540 3689 0.238187 -0.0453959 0.0631442 0.968101 -0.124146 0.11377 0.986572 6.40869 -10.7422 15.686 5.7757 6.81003 152.012 207.988
2018-Nov-26 11:29:17.189057 4517 0.237515 -0.0449198 0.0634449 0.968268 -0.117188 0.120361 0.98291 5.31006 -9.46045 16.5405 5.827 6.76141 152.091 207.909
2018-Nov-26 11:29:17.194907 5850 0.23681 -0.0444936 0.0637072 0.968443 -0.112427 0.120667 0.982971 3.84521 -7.99561 17.2119 5.8728 6.71703 152.174 207.826
2018-Nov-26 11:29:17.198885 3978 0.236074 -0.0441011 0.0638863 0.968629 -0.10675 0.115295 0.992493 2.2583 -7.08008 17.7612 5.9086 6.67378 152.261 207.739
2018-Nov-26 11:29:17.206277 7392 0.235312 -0.0437356 0.063999 0.968824 -0.101013 0.115173 0.990723 0.915527 -6.22559 18.3105 5.93639 6.63147 152.352 207.648
2018-Nov-26 11:29:17.208762 2485 0.234523 -0.0434083 0.064079 0.969025 -0.0933228 0.115112 0.991882 0 -4.82178 18.7988 5.95963 6.5923 152.446 207.554
2018-Nov-26 11:29:17.214095 5333 0.233714 -0.0431358 0.064143 0.969228 -0.0887451 0.118713 0.994812 -0.793457 -3.11279 19.104 5.97966 6.55865 152.543 207.457
2018-Nov-26 11:29:17.219410 5315 0.232886 -0.0428994 0.0642054 0.969434 -0.0899048 0.12439 0.99762 -1.52588 -2.19727 19.4092 5.99861 6.52887 152.641 207.359
2018-Nov-26 11:29:17.224205 4795 0.232057 -0.0426592 0.0642396 0.969641 -0.0855713 0.127197 0.99353 -2.56348 -2.2583 19.3481 6.01448 6.49783 152.74 207.26
2018-Nov-26 11:29:17.228943 4738 0.231233 -0.0424334 0.064246 0.969847 -0.0830688 0.131958 0.997803 -3.66211 -1.77002 19.104 6.02679 6.46762 152.839 207.161
2018-Nov-26 11:29:17.234532 5589 0.230404 -0.0422643 0.0642611 0.970051 -0.0773926 0.138245 0.995422 -4.3335 0 19.043 6.03853 6.44397 152.937 207.063
2018-Nov-26 11:29:17.239005 4473 0.229577 -0.0421888 0.0642868 0.970248 -0.0785522 0.14386 1.00171 -5.18799 2.31934 18.7378 6.04889 6.43109 153.035 206.965
2018-Nov-26 11:29:17.245097 6092 0.228756 -0.0421562 0.064261 0.970445 -0.0767822 0.139832 1.01392 -6.40869 3.17383 18.4326 6.05231 6.42162 153.133 206.867
2018-Nov-26 11:29:17.248777 3680 0.227938 -0.0420869 0.0641455 0.970648 -0.0690918 0.134033 1.02039 -7.56836 2.62451 18.4326 6.04669 6.40561 153.231 206.769
2018-Nov-26 11:29:17.254119 5342 0.227149 -0.0419459 0.0639693 0.970851 -0.064209 0.131836 1.02966 -8.05664 1.34277 17.7612 6.036 6.38008 153.326 206.674
2018-Nov-26 11:29:17.258698 4579 0.226413 -0.0417241 0.0637913 0.971044 -0.0543823 0.134827 1.03326 -7.69043 0.366211 16.5405 6.02686 6.34581 153.416 206.584
2018-Nov-26 11:29:17.263988 5290 0.225753 -0.0414369 0.063655 0.971219 -0.0508423 0.139099 1.03046 -6.83594 -0.366211 14.8315 6.02351 6.30585 153.497 206.503
2018-Nov-26 11:29:17.269728 5740 0.225191 -0.0411171 0.0635605 0.971369 -0.0515137 0.136963 1.02057 -5.7373 -1.0376 12.6343 6.02502 6.26395 153.566 206.434
2018-Nov-26 11:29:17.274021 4293 0.224726 -0.0407942 0.0635026 0.971495 -0.0537109 0.135437 1.01752 -4.63867 -1.34277 10.376 6.03003 6.2233 153.623 206.377
2018-Nov-26 11:29:17.278913 4892 0.224373 -0.0405084 0.0634634 0.971591 -0.0656128 0.132935 1.01019 -4.08936 -1.58691 7.8125 6.0354 6.18802 153.666 206.334
2018-Nov-26 11:29:17.284403 5490 0.224129 -0.04021 0.0633894 0.971664 -0.072998 0.125549 1.00928 -4.08936 -3.2959 5.43213 6.0365 6.15106 153.698 206.302
2018-Nov-26 11:29:17.288969 4566 0.223967 -0.0398825 0.0632854 0.971722 -0.0809937 0.120605 1.01135 -3.84521 -5.12695 3.66211 6.03447 6.11053 153.719 206.281
2018-Nov-26 11:29:17.295161 6192 0.223878 -0.0395687 0.0631979 0.971761 -0.0859375 0.118835 1.01294 -3.11279 -5.5542 2.0752 6.03346 6.07245 153.732 206.268
2018-Nov-26 11:29:17.298852 3691 0.223826 -0.0392544 0.0631616 0.971788 -0.0836182 0.119263 1.00916 -1.89209 -5.49316 1.2207 6.03793 6.0359 153.741 206.259
2018-Nov-26 11:29:17.304023 5171 0.223807 -0.0389273 0.0632321 0.971801 -0.0844727 0.128662 1.00769 -0.0610352 -5.24902 0.488281 6.05444 6.00099 153.744 206.256
2018-Nov-26 11:29:17.308592 4569 0.223832 -0.0385957 0.0634217 0.971796 -0.0857544 0.136108 1.00348 1.70898 -5.00488 -0.549316 6.08408 5.96907 153.741 206.259
2018-Nov-26 11:29:17.313900 5308 0.223922 -0.0382122 0.0636483 0.971776 -0.0878906 0.128479 1.00171 3.17383 -6.34766 -1.89209 6.11882 5.93271 153.731 206.269
2018-Nov-26 11:29:17.319603 5703 0.224076 -0.0378018 0.063858 0.971742 -0.0904541 0.119385 0.995178 3.96729 -7.50732 -3.23486 6.15198 5.89331 153.713 206.287
2018-Nov-26 11:29:17.323993 4390 0.22429 -0.0373985 0.0640491 0.971696 -0.0928345 0.106873 0.988647 4.76074 -7.93457 -4.5166 6.18253 5.8546 153.688 206.312
2018-Nov-26 11:29:17.328811 4818 0.224534 -0.0370673 0.064253 0.971639 -0.100159 0.10791 0.984619 5.18799 -7.01904 -5.18799 6.21246 5.82449 153.66 206.34
2018-Nov-26 11:29:17.334390 5579 0.224779 -0.0368579 0.0644823 0.971575 -0.107178 0.111084 0.987427 4.94385 -5.00488 -5.37109 6.24205 5.80878 153.63 206.37
2018-Nov-26 11:29:17.338875 4485 0.225005 -0.03675 0.0646992 0.971512 -0.106934 0.110962 0.990967 4.08936 -3.05176 -5.06592 6.26772 5.804 153.602 206.398
2018-Nov-26 11:29:17.344954 6079 0.225204 -0.0366968 0.0648576 0.971458 -0.108032 0.1073 1.00311 2.86865 -2.0752 -4.5166 6.28558 5.8036 153.578 206.422
2018-Nov-26 11:29:17.348742 3788 0.225371 -0.0366436 0.0649527 0.971415 -0.106201 0.103638 1.0105 1.95312 -2.19727 -3.78418 6.29659 5.8013 153.557 206.443
2018-Nov-26 11:29:17.353987 5245 0.225513 -0.0365772 0.0650098 0.97138 -0.102356 0.0998535 1.01666 1.64795 -2.2583 -3.17383 6.30385 5.79631 153.54 206.46
2018-Nov-26 11:29:17.358516 4529 0.225634 -0.0365136 0.065081 0.97135 -0.103027 0.103333 1.00842 1.83105 -2.01416 -2.68555 6.31274 5.7919 153.526 206.474
2018-Nov-26 11:29:17.363880 5364 0.225732 -0.0364806 0.0652032 0.97132 -0.102844 0.112122 1.00647 2.01416 -1.09863 -2.2583 6.32664 5.79216 153.513 206.487
2018-Nov-26 11:29:17.369527 5647 0.225817 -0.0364958 0.0653274 0.971291 -0.106079 0.110291 0.993164 1.46484 -0.305176 -2.01416 6.33958 5.79779 153.502 206.498
2018-Nov-26 11:29:17.373960 4433 0.225888 -0.0365553 0.0654213 0.971267 -0.102295 0.108826 0.981873 0.671387 0.549316 -1.77002 6.34807 5.80746 153.493 206.507
2018-Nov-26 11:29:17.378718 4758 0.225959 -0.0367409 0.0654614 0.97124 -0.108276 0.103271 0.970642 -0.793457 2.68555 -1.95312 6.34723 5.82982 153.483 206.517
2018-Nov-26 11:29:17.384265 5547 0.22603 -0.0370398 0.0654078 0.971216 -0.111633 0.0967407 0.97467 -2.80762 4.27246 -2.0752 6.33295 5.86234 153.473 206.527
2018-Nov-26 11:29:17.388852 4587 0.22609 -0.0373694 0.0652386 0.971201 -0.113403 0.0939331 0.989014 -5.00488 4.27246 -1.89209 6.30504 5.89507 153.466 206.534
2018-Nov-26 11:29:17.394562 5710 0.226143 -0.0376853 0.0649847 0.971193 -0.108398 0.09552 0.99707 -6.7749 3.96729 -1.77002 6.26808 5.92392 153.46 206.54
2018-Nov-26 11:29:17.398597 4035 0.226199 -0.0380059 0.0647268 0.971185 -0.105469 0.0999756 1.00958 -7.20215 4.63867 -1.95312 6.23056 5.95322 153.454 206.546
2018-Nov-26 11:29:17.404328 5731 0.226288 -0.038345 0.06452 0.971165 -0.105469 0.107117 1.01544 -6.7749 5.5542 -2.80762 6.19801 5.98616 153.443 206.557
2018-Nov-26 11:29:17.408356 4028 0.226408 -0.0387234 0.0643479 0.971133 -0.109497 0.0987549 1.01788 -5.92041 6.40869 -3.54004 6.16811 6.02464 153.428 206.572
2018-Nov-26 11:29:17.413987 5631 0.226548 -0.0391589 0.0642118 0.971092 -0.117981 0.0945435 1.0202 -4.76074 7.20215 -3.96729 6.14058 6.07063 153.411 206.589
2018-Nov-26 11:29:17.419093 5106 0.226693 -0.0396576 0.0641029 0.971045 -0.126953 0.0882568 1.01123 -3.96729 7.87354 -4.02832 6.11435 6.12447 153.392 206.608
2018-Nov-26 11:29:17.423889 4796 0.226827 -0.040163 0.063988 0.971 -0.13562 0.0838013 1.01764 -3.60107 7.08008 -3.66211 6.08736 6.17882 153.374 206.626
2018-Nov-26 11:29:17.429275 5386 0.22695 -0.0406135 0.0638758 0.97096 -0.140503 0.0823975 1.0199 -2.99072 5.31006 -3.23486 6.06215 6.22701 153.358 206.642
2018-Nov-26 11:29:17.434218 4943 0.227066 -0.0410113 0.0637766 0.970923 -0.144897 0.0773315 1.01819 -2.0752 3.84521 -2.86865 6.03983 6.26959 153.343 206.657
2018-Nov-26 11:29:17.438618 4400 0.227159 -0.0414086 0.0637382 0.970887 -0.147888 0.0769653 1.02454 -0.488281 3.84521 -2.2583 6.02443 6.31361 153.33 206.67
2018-Nov-26 11:29:17.443810 5192 0.227222 -0.0418178 0.0637948 0.970851 -0.150757 0.0787964 1.01941 1.34277 4.45557 -1.52588 6.01947 6.36142 153.32 206.68
2018-Nov-26 11:29:17.448479 4669 0.227242 -0.0422218 0.0639164 0.970821 -0.152893 0.0802612 1.0174 2.56348 4.57764 -0.427246 6.02219 6.41013 153.314 206.686
2018-Nov-26 11:29:17.453951 5472 0.227222 -0.0425682 0.0640628 0.970801 -0.150146 0.0834351 1.02002 3.11279 3.60107 0.549316 6.02945 6.45282 153.313 206.687
2018-Nov-26 11:29:17.458369 4418 0.227162 -0.0428255 0.0641998 0.970795 -0.143433 0.0810547 1.01892 3.35693 2.2583 1.58691 6.03827 6.48502 153.318 206.682
2018-Nov-26 11:29:17.463754 5385 0.227058 -0.043024 0.0643663 0.970799 -0.139343 0.0899658 1.01892 3.78418 1.77002 2.68555 6.05226 6.51117 153.327 206.673
2018-Nov-26 11:29:17.468873 5119 0.226915 -0.0431877 0.0646046 0.970809 -0.13385 0.0986938 1.01044 4.57764 2.01416 3.479 6.07541 6.53516 153.341 206.659
2018-Nov-26 11:29:17.473893 5020 0.226753 -0.0433057 0.0648922 0.970823 -0.131287 0.107666 1.01245 4.88281 1.64795 3.90625 6.10542 6.55522 153.357 206.643
2018-Nov-26 11:29:17.479068 5175 0.226585 -0.0433246 0.0651715 0.970842 -0.128845 0.106567 1.01068 4.88281 -0.305176 4.15039 6.13716 6.56392 153.374 206.626
2018-Nov-26 11:29:17.484235 5167 0.226421 -0.0432134 0.0654037 0.97087 -0.118042 0.103455 1.00287 4.76074 -2.68555 4.21143 6.16708 6.55675 153.391 206.609
2018-Nov-26 11:29:17.488659 4424 0.226279 -0.0430155 0.0656126 0.970898 -0.11084 0.106506 0.998535 4.63867 -3.90625 3.72314 6.19653 6.53938 153.407 206.593
2018-Nov-26 11:29:17.494370 5711 0.226172 -0.0427669 0.0658232 0.97092 -0.10614 0.10907 0.996094 4.69971 -4.5166 2.92969 6.22728 6.51657 153.419 206.581
2018-Nov-26 11:29:17.498325 3955 0.226089 -0.0425097 0.0660402 0.970935 -0.101685 0.115662 0.993408 4.39453 -4.27246 2.2583 6.2588 6.49313 153.428 206.572
2018-Nov-26 11:29:17.504104 5779 0.226031 -0.0422814 0.066251 0.970945 -0.102539 0.119263 0.994385 3.66211 -3.60107 1.58691 6.2887 6.47292 153.435 206.565
2018-Nov-26 11:29:17.508216 4112 0.225997 -0.0420855 0.0664591 0.970947 -0.102356 0.12207 0.985107 3.17383 -3.05176 0.915527 6.31728 6.45642 153.438 206.562
2018-Nov-26 11:29:17.513622 5406 0.226001 -0.0419036 0.0666645 0.970939 -0.109863 0.122192 0.986938 2.92969 -3.35693 0.0610352 6.34492 6.44165 153.436 206.564
2018-Nov-26 11:29:17.518388 4766 0.226051 -0.0417729 0.0668975 0.970917 -0.113708 0.125244 0.976562 3.17383 -2.80762 -1.0376 6.37401 6.43367 153.429 206.571
2018-Nov-26 11:29:17.523675 5287 0.22614 -0.0417586 0.0671652 0.970879 -0.125 0.120972 0.971375 3.479 -1.09863 -2.01416 6.40363 6.43997 153.416 206.584
2018-Nov-26 11:29:17.528646 4971 0.226228 -0.041864 0.0674274 0.970836 -0.136536 0.114807 0.968323 3.41797 0.244141 -2.01416 6.42947 6.45953 153.402 206.598
2018-Nov-26 11:29:17.534021 5375 0.226292 -0.0420163 0.0676442 0.970799 -0.140808 0.108093 0.966431 2.86865 0.305176 -1.40381 6.44917 6.48297 153.392 206.608
2018-Nov-26 11:29:17.539531 5510 0.226315 -0.0422628 0.0678635 0.970768 -0.145081 0.110779 0.96344 2.50244 2.01416 -0.549316 6.46693 6.51675 153.386 206.614
2018-Nov-26 11:29:17.543816 4285 0.226274 -0.042704 0.068144 0.970738 -0.150208 0.117126 0.970032 2.31934 6.34766 0.671387 6.4868 6.57362 153.385 206.615
2018-Nov-26 11:29:17.548359 4543 0.226176 -0.0433081 0.0684297 0.970714 -0.156738 0.112366 0.972229 1.64795 9.58252 1.77002 6.50331 6.64853 153.39 206.61
2018-Nov-26 11:29:17.553641 5282 0.226015 -0.0439689 0.0686755 0.970705 -0.159241 0.109314 0.974731 0.854492 10.498 3.23486 6.51434 6.7283 153.403 206.597
2018-Nov-26 11:29:17.558215 4574 0.225798 -0.0446153 0.0688808 0.970711 -0.15979 0.10675 0.977783 0.305176 10.0708 4.57764 6.52165 6.80496 153.422 206.578
2018-Nov-26 11:29:17.564538 6323 0.225539 -0.0451925 0.0690387 0.970733 -0.158447 0.101135 0.985962 0.12207 8.60596 5.61523 6.52582 6.87228 153.448 206.552
